DataArray
09.12.2023 23:39:04
10

0
0
0

11,11111111111111
123,45679012345678
123,45679012345678

22,22222222222222
493,82716049382714
493,82716049382714

33,33333333333333
1111,1111111111109
1111,1111111111109

44,44444444444444
1975,3086419753085
1975,3086419753085

55,55555555555556
3086,41975308642
3086,41975308642

66,66666666666666
4444,444444444443
4444,444444444443

77,77777777777777
6049,382716049382
6049,382716049382

88,88888888888889
7901,234567901234
7901,234567901234

100
10000
10000

